99
22
62
77
95
97
24
36
88
78
58
29
51
46
58
43
78
46
46
61
99
77
58
97
72
87
74
64
24
26
21
77
44
77
33
14
51
92
77
75
64
29
32
22
33
55
74
28
31
69
96
26
66
51
21
42
99
44
35
11
29
66
77
28
77
99
12
11
45
23
17
92
77
39
64
44
22
29
98
66
22
88
22
62
44
99
54
33
64
99
41
11
88
84
54
25
99
95
24
44
75
33
18
86
91
22
22
49
97
47
27
61
33
14
47
55
31
44
74
28
27
81
59
39
39
17
44
96
95
56
66
16
67
88
65
82
88
41
55
89
44
56
43
44
67
99
66
63
99
12
63
11
24
48
63
74
66
18
88
77
75
46
34
77
25
48
55
49
57
48
16
66
21
69
93
31
84
45
47
33
71
77
99
33
92
84
93
55
98
89
53
44
99
13
11
44
66
64
99
28
33
44
87
25
22
22
21
19
75
77
55
22
96
92
55
77
77
88
24
85
88
66
17
18
65
95
99
48
41
11
87
27
95
93
68
15
62
71
95
39
54
22
66
55
76
77
45
66
33
58
99
23
77
88
35
88
63
42
98
19
65
66
46
41
88
85
54
69
66
77
75
89
66
99
36
11
24
99
55
75
27
19
66
22
99
17
22
87
71
92
96
61
66
94
77
44
31
48
42
64
44
55
17
11
54
67
85
51
11
42
47
52
33
73
22
33
42
42
22
75
99
42
69
73
36
66
53
42
22
11
82
44
79
55
71
38
83
51
28
11
92
27
22
22
24
72
58
55
77
85
55
55
43
99
44
94
42
89
66
96
69
88
22
55
88
28
11
44
88
76
44
24
88
55
21
79
68
84
11
99
72
76
93
55
24
38
72
55
55
43
75
22
44
88
92
33
13
76
95
44
81
55
93
55
18
22
44
77
43
38
66
77
55
15
53
44
87
35
11
56
68
34
55
33
32
67
89
44
45
97
47
33
37
89
88
84
77
51
94
99
14
16
11
36
43
25
66
45
55
16
57
12
83
96
55
44
93
93
44
43
22
43
46
24
13
66
66
99
11
44
33
88
68
39
47
77
78
25
22
12
13
41
99
77
14
25
32
11
55
41
68
11
13
33
63
37
83
66
76
46
77
76
35
94
66
94
45
44
11
71
62
78
33
44
72
59
71
77
68
94
29
89
42
66
55
77
44
22
53
26
22
98
49
77
15
99
53
66
56
19
38
77
12
55
13
98
42
99
46
41
73
22
66
99
71
53
44
27
15
12
33
88
77
22
57
22
88
45
55
79
52
25
44
54
71
34
11
33
67
99
74
99
44
58
88
22
37
91
67
11
79
67
18
33
13
44
21
22
77
33
58
74
55
83
99
78
26
99
79
81
11
69
98
97
44
55
33
78
99
26
66
86
22
89
11
99
82
36
48
37
13
49
88
47
11
34
38
44
22
89
17
86
95
86
66
41
77
44
29
49
52
24
59
33
11
66
76
28
11
99
99
47
27
33
11
19
55
44
73
88
11
18
69
56
64
19
79
65
22
26
66
66
45
86
77
67
44
19
59
44
97
86
24
49
68
11
33
16
24
66
55
45
33
47
27
99
84
15
24
23
18
66
55
35
74
84
31
66
33
55
55
49
55
33
68
99
41
17
27
28
66
44
34
35
48
37
41
55
38
33
12
99
77
82
11
91
11
12
66
33
22
44
55
56
14
34
77
63
99
41
88
73
66
55
35
77
22
88
27
48
66
82
41
44
55
22
35
69
11
45
22
53
44
32
33
88
43
46
91
91
41
47
78
98
22
51
24
92
88
86
31
55
95
87
66
97
22
88
77
96
45
61
54
14
44
75
66
84
55
68
51
21
14
88
55
46
12
12
44
85
44
33
26
22
38
55
99
77
13
59
23
27
75
55
11
89
37
17
24
11
44
17
19
11
12
11
11
88
25
82
89
26
23
38
22
95
84
66
13
73
34
37
88
44
43
33
24
68
99
77
66
87
98
19
22
55
82
96
42
72
74
79
22
47
56
44
52
23
71
93
11
11
53
22
61
66
96
33
22
77
17
46
52
85
66
99
29
11
59
34
23
68
99
63
22
51
75
17
21
92
75
79
44
85
38
66
22
55
35
44
28
55
88
44
11
88
18
39
53
99
92
59
33
66
99
65
25
29
86
74
71
71
44
85
33
88
92
98
31
39
47
51
55
99
22
77
85
42
44
21
11
83
82
92
19
55
55
24
55
22
22
46
47
19
66
28
71
88
55
45
